kinematics:
  shoulder:
    x: 0
    y: 0
    z: 0.15212711051910269
    roll: -0
    pitch: 0
    yaw: 5.0814760057205316e-07
  upper_arm:
    x: 4.5436455393160434e-05
    y: 0
    z: 0
    roll: 1.5717697259121839
    pitch: 0
    yaw: 4.7288403311147723e-06
  forearm:
    x: -0.24399362194270385
    y: 0
    z: 0
    roll: 3.139567964238386
    pitch: 3.1402859558873879
    yaw: -3.141577550495422
  wrist_1:
    x: -0.21332772843643039
    y: 0.0004976373428005656
    z: 0.13165836766052633
    roll: 3.1378129092270584
    pitch: 3.1393809174002172
    yaw: 3.1415816572906294
  wrist_2:
    x: 0.00015368931086769458
    y: -0.08542447112966492
    z: 7.9316838175298789e-07
    roll: 1.5707870417695258
    pitch: 0
    yaw: 1.5215484195204367e-06
  wrist_3:
    x: -7.692636561058738e-05
    y: 0.092173786896749738
    z: -0.00021501167971805995
    roll: 1.5684636539497061
    pitch: 3.1415926535897931
    yaw: -3.1415926200377622
  hash: calib_716362902873223777